000001
000002
000004
000005
000006
000007
000009
000008
000010
000011
000012
000014
000016
000017
000019
000018
000020
000021
000022
000023
000024
000025
000027
000026
000029
000028
000030
000031
000032
000033
000034
000035
000036
000038
000037
000039
000040
000043
000042
000045
000046
000048
000049
000050
000056
000055
000058
000061
000060
000059
000063
000062
000066
000065
000068
000069
000070
000078
000088
000090
000089
000096
000099
000100
000153
000151
000150
000155
000156
000157
000159
000158
000301
000333
000400
000338
000401
000402
000403
000404
000407
000408
000409
000411
000410
000413
000416
000415
000418
000417
000420
000419
000421
000422
000423
000428
000426
000425
000429
000430
000498
000488
000501
000502
000503
000504
000506
000505
000510
000507
000509
000513
000511
000514
000517
000518
000516
000520
000519
000521
000523
000524
000528
000525
000526
000531
000529
000530
000533
000532
000534
000538
000537
000536
000540
000539
000541
000543
000544
000547
000546
000545
000551
000550
000548
000553
000554
000552
000558
000557
000555
000560
000559
000561
000563
000564
000568
000566
000565
000567
000571
000570
000572
000573
000581
000576
000585
000582
000584
000587
000586
000589
000590
000591
000594
000592
000593
000596
000595
000597
000600
000599
000598
000603
000601
000607
000605
000606
000609
000608
000610
000612
000613
000611
000615
000616
000619
000617
000620
000623
000622
000627
000626
000625
000628
000629
000631
000630
000632
000635
000633
000637
000636
000638
000650
000651
000639
000655
000656
000652
000659
000657
000663
000662
000661
000665
000666
000668
000667
000669
000672
000670
000671
000676
000673
000677
000678
000679
000682
000681
000680
000685
000683
000686
000687
000688
000692
000691
000690
000695
000693
000697
000700
000701
000698
000702
000703
000708
000707
000705
000709
000710
000711
000712
000716
000717
000713
000719
000718
000720
000722
000721
000723
000726
000725
000729
000728
000727
000731
000732
000735
000733
000736
000738
000737
000748
000739
000750
000752
000753
000751
000757
000756
000755
000758
000759
000761
000762
000760
000767
000768
000766
000778
000777
000776
000779
000780
000783
000782
000785
000790
000786
000789
000788
000791
000792
000793
000795
000798
000797
000796
000800
000799
000801
000803
000802
000806
000810
000807
000809
000812
000811
000813
000816
000818
000815
000819
000820
000823
000822
000821
000825
000826
000829
000828
000830
000833
000835
000831
000836
000837
000839
000838
000848
000851
000850
000852
000856
000859
000858
000860
000861
000862
000863
000875
000869
000868
000877
000876
000878
000880
000881
000885
000883
000882
000886
000887
000890
000889
000888
000892
000893
000897
000895
000898
000899
000900
000902
000901
000903
000906
000905
000908
000911
000909
000910
000915
000912
000913
000916
000917
000919
000918
000920
000922
000921
000925
000923
000926
000928
000929
000927
000932
000930
000931
000936
000933
000935
000937
000938
000948
000939
000949
000951
000950
000953
000952
000955
000958
000959
000957
000962
000961
000960
000963
000965
000967
000966
000968
000971
000969
000970
000973
000972
000975
000976
000977
000979
000980
000978
000982
000981
000985
000983
000987
000990
000988
000989
000995
000993
000996
000998
000997
000999
001896
001696
002003
002001
002002
002004
002005
002006
002007
002008
002009
002011
002010
002012
002014
002015
002013
002018
002016
002017
002019
002021
002020
002024
002023
002022
002025
002026
002029
002028
002027
002033
002030
002031
002032
002034
002035
002036
002038
002039
002037
002043
002042
002040
002041
002046
002045
002047
002050
002048
002049
002055
002054
002051
002052
002053
002057
002058
002056
002061
002060
002059
002065
002066
002062
002063
002064
002071
002070
002067
002068
002069
002074
002072
002073
002076
002079
002077
002078
002083
002081
002080
002082
002088
002084
002085
002086
002087
002091
002090
002089
002096
002094
002092
002093
002101
002103
002097
002098
002099
002100
002102
002104
002105
002108
002109
002106
002107
002110
002111
002115
002114
002112
002113
002117
002118
002116
002120
002119
002121
002124
002123
002122
002125
002128
002129
002126
002127
002131
002130
002135
002134
002132
002133
002139
002138
002136
002137
002144
002143
002140
002141
002142
002146
002148
002145
002147
002152
002150
002149
002151
002158
002157
002153
002154
002155
002156
002159
002160
002164
002163
002161
002162
002168
002167
002165
002166
002170
002169
002171
002172
002173
002177
002174
002176
002175
002178
002180
002181
002179
002183
002184
002182
002185
002186
002188
002187
002192
002189
002191
002193
002197
002196
002194
002198
002201
002202
002199
002200
002205
002206
002208
002207
002211
002209
002210
002212
002216
002217
002213
002214
002215
002220
002219
002218
002224
002223
002221
002222
002229
002228
002225
002226
002227
002231
002230
002232
002236
002235
002233
002234
002237
002241
002242
002238
002239
002246
002245
002243
002244
002248
002247
002249
002252
002253
002250
002251
002256
002254
002255
002258
002261
002260
002259
002262
002263
002264
002266
002267
002265
002273
002268
002269
002271
002272
002274
002275
002276
002279
002280
002277
002278
002282
002283
002281
002288
002287
002284
002285
002286
002290
002289
002291
002294
002293
002292
002297
002296
002295
002302
002301
002298
002299
002300
002305
002307
002303
002304
002310
002312
002308
002309
002311
002314
002313
002315
002317
002318
002316
002319
002324
002323
002320
002321
002322
002328
002329
002325
002327
002335
002330
002331
002332
002333
002334
002340
002339
002336
002337
002338
002344
002343
002341
002342
002347
002348
002345
002346
002350
002349
002351
002355
002354
002352
002353
002356
002359
002360
002357
002358
002363
002364
002361
002362
002369
002368
002365
002366
002367
002371
002370
002372
002376
002375
002374
002379
002378
002377
002383
002382
002380
002381
002387
002386
002384
002385
002390
002388
002389
002391
002394
002392
002393
002395
002398
002399
002397
002404
002405
002400
002401
002402
002403
002407
002406
002408
002411
002409
002410
002412
002414
002413
002415
002418
002419
002416
002417
002421
002420
002423
002424
002422
002426
002425
002427
002430
002429
002428
002431
002434
002435
002432
002433
002440
002439
002436
002437
002438
002444
002441
002442
002443
002446
002445
002447
002452
002451
002448
002449
002450
002455
002456
002453
002454
002459
002458
002457
002461
002462
002460
002465
002463
002464
002470
002467
002466
002469
002468
002473
002471
002472
002474
002478
002476
002475
002477
002479
002481
002483
002480
002482
002486
002485
002484
002488
002487
002489
002492
002491
002490
002493
002496
002497
002494
002495
002501
002500
002498
002499
002504
002507
002502
002503
002505
002510
002508
002509
002511
002512
002513
002517
002514
002515
002518
002520
002519
002521
002522
002526
002524
002523
002528
002527
002529
002533
002530
002534
002531
002532
002538
002537
002535
002536
002542
002541
002539
002540
002545
002546
002543
002544
002548
002547
002549
002551
002552
002550
002554
002553
002555
002559
002558
002556
002557
002561
002563
002560
002562
002564
002565
002569
002568
002566
002567
002570
002573
002575
002571
002572
002579
002577
002576
002578
002583
002581
002580
002582
002584
002585
002589
002586
002588
002587
002592
002591
002590
002597
002596
002593
002594
002595
002600
002598
002599
002601
002604
002602
002603
002605
002607
002608
002606
002611
002612
002609
002610
002615
002614
002613
002618
002617
002616
002622
002621
002619
002620
002624
002623
002625
002628
002629
002626
002627
002632
002630
002631
002633
002636
002635
002634
002638
002641
002637
002640
002639
002643
002642
002644
002648
002646
002645
002649
002652
002653
002650
002651
002657
002655
002654
002656
002660
002658
002659
002663
002661
002662
002664
002668
002667
002665
002666
002670
002669
002672
002673
002674
002675
002676
002679
002678
002677
002680
002681
002687
002682
002686
002684
002691
002689
002688
002695
002694
002692
002693
002698
002696
002697
002703
002699
002702
002700
002701
002708
002705
002706
002709
002713
002711
002712
002714
002715
002716
002725
002723
002717
002718
002719
300003
300001
300002
300004
300008
300009
300005
300006
300007
300014
300015
300010
300011
300012
300013
300016
300018
300021
300017
300020
300019
300023
300022
300024
300027
300028
300025
300026
300033
300034
300029
300030
300031
300032
300036
300035
300037
300039
300038
300040
300046
300047
300041
300042
300044
300045
300052
300051
300048
300049
300050
300056
300054
300053
300059
300061
300057
300058
300065
300064
300062
300063
300069
300068
300066
300067
300072
300073
300070
300071
300076
300074
300075
300077
300081
300080
300078
300079
300084
300082
300083
300085
300087
300089
300088
300094
300090
300093
300091
300092
300096
300095
300097
300100
300098
300099
300104
300103
300101
300102
300108
300105
300106
300112
300109
300111
300110
300116
300113
300114
300115
300118
300117
300119
300124
300123
300120
300121
300122
300125
300127
300128
300126
300134
300129
300130
300132
300133
300139
300138
300136
300137
300144
300143
300140
300141
300142
300147
300145
300146
300151
300150
300148
300149
300155
300152
300153
300154
300156
300161
300157
300160
300158
300162
300163
300165
300164
300173
300167
300166
300171
300169
300170
300176
300174
300175
300177
300183
300184
300180
300181
300187
300186
300185
300190
300191
300188
300189
300196
300193
300194
300195
300197
300198
300199
300201
300202
300200
300206
300209
300203
300204
300205
300208
300207
300212
300210
300211
300213
300216
300217
300214
300215
300221
300220
300218
300219
300225
300224
300222
300223
300231
300230
300226
300227
300228
300229
300234
300233
300232
300238
300235
300236
300237
300239
300244
300245
300240
300241
300242
300243
300250
300249
300246
300247
300248
300257
300251
300252
300254
300255
300258
300259
300260
300264
300265
300261
300262
300263
300269
300270
300266
300267
300273
300274
300271
300272
300277
300275
300276
300278
300283
300281
300279
300280
300282
300284
300287
300288
300285
300286
300289
300290
300294
300293
300291
300292
300297
300295
300296
300298
300301
300302
300299
300300
300307
300306
300303
300304
300305
300309
300308
300310
300311
300315
300314
300312
300313
300319
300316
300317
300318
300322
300321
300320
300329
300328
300323
300324
300325
300326
300327
300334
300330
300331
300332
300333
300337
300336
300335
300342
300343
300338
300339
300340
300341
300348
300347
300344
300345
300346
300355
300354
300349
300351
300352
300353
300358
300356
300357
300360
300368
300367
300366
300373
300376
300371
300375
300383
300382
300377
300378
300380
600004
600000
600005
600008
600007
600006
600011
600010
600009
600015
600016
600012
600019
600018
600017
600020
600021
600028
600027
600022
600023
600026
600029
600030
600033
600031
600035
600036
600037
600048
600038
600039
600050
600051
600052
600055
600053
600054
600058
600056
600057
600060
600059
600061
600062
600063
600067
600064
600066
600069
600068
600070
600073
600072
600071
600074
600076
600078
600075
600077
600080
600079
600081
600082
600083
600086
600084
600085
600088
600089
600091
600093
600090
600096
600095
600094
600098
600097
600099
600101
600100
600103
600106
600104
600105
600108
600107
600109
600110
600111
600114
600113
600112
600116
600115
600117
600118
600121
600119
600120
600122
600123
600125
600128
600126
600127
600130
600129
600131
600132
600133
600136
600137
600135
600139
600138
600141
600143
600145
600149
600146
600148
600151
600150
600152
600153
600155
600158
600157
600156
600161
600160
600159
600163
600162
600165
600167
600166
600168
600170
600169
600173
600171
600172
600175
600176
600178
600177
600179
600180
600183
600182
600184
600187
600185
600186
600188
600189
600191
600190
600192
600195
600196
600193
600198
600199
600197
600200
600201
600202
600203
600206
600207
600209
600208
600211
600210
600212
600216
600215
600217
600220
600218
600219
600222
600221
600223
600225
600227
600226
600229
600228
600231
600230
600232
600235
600233
600234
600236
600237
600239
600238
600240
600242
600243
600241
600248
600246
600247
600251
600249
600250
600255
600252
600256
600257
600258
600261
600259
600260
600265
600262
600266
600267
600269
600268
600272
600270
600271
600273
600275
600279
600278
600276
600277
600280
600281
600283
600284
600282
600288
600287
600285
600291
600289
600290
600295
600293
600292
600298
600297
600299
600301
600302
600300
600305
600303
600306
600308
600307
600309
600311
600310
600315
600313
600312
600317
600316
600318
600320
600321
600319
600323
600322
600325
600328
600327
600326
600331
600330
600329
600333
600335
600332
600337
600336
600338
600339
600340
600346
600343
600345
600350
600348
600351
600352
600353
600355
600356
600354
600360
600358
600359
600361
600362
600363
600366
600365
600367
600370
600369
600368
600373
600372
600371
600377
600376
600375
600380
600379
600378
600383
600382
600381
600386
600387
600385
600390
600389
600388
600392
600391
600393
600396
600395
600397
600400
600398
600399
600403
600401
600405
600408
600409
600406
600415
600416
600410
600419
600418
600420
600421
600422
600426
600425
600423
600432
600428
600429
600433
600435
600436
600439
600438
600444
600446
600449
600448
600455
600452
600456
600459
600460
600458
600461
600462
600466
600463
600467
600470
600468
600469
600477
600475
600476
600479
600478
600480
600483
600482
600481
600485
600486
600488
600489
600487
600493
600491
600490
600497
600496
600495
600499
600500
600498
600502
600501
600503
600506
600505
600507
600510
600508
600509
600512
600511
600513
600516
600517
600515
600519
600520
600518
600521
600522
600525
600523
600526
600529
600528
600527
600531
600530
600532
600535
600536
600533
600538
600537
600539
600540
600543
600546
600545
600547
600549
600548
600550
600555
600551
600552
600557
600556
600558
600559
600560
600561
600562
600565
600563
600567
600566
600568
600571
600570
600569
600572
600573
600576
600577
600575
600580
600579
600578
600583
600582
600581
600586
600584
600585
600589
600588
600587
600590
600592
600594
600593
600595
600597
600596
600599
600598
600600
600602
600603
600601
600606
600605
600604
600608
600609
600611
600610
600612
600615
600614
600613
600616
600617
600619
600618
600620
600621
600623
600622
600626
600624
600630
600628
600629
600634
600633
600635
600637
600638
600636
600640
600639
600641
600643
600642
600644
600647
600645
600650
600649
600648
600652
600651
600653
600655
600656
600654
600658
600657
600660
600663
600662
600661
600666
600665
600664
600668
600667
600674
600673
600671
600676
600675
600677
600680
600678
600679
600681
600682
600684
600683
600685
600687
600688
600686
600690
600691
600689
600693
600692
600694
600697
600695
600696
600698
600701
600699
600702
600703
600705
600706
600704
600710
600707
600708
600711
600712
600714
600713
600715
600717
600718
600716
600720
600719
600721
600724
600723
600722
600728
600727
600725
600726
600729
600730
600732
600731
600733
600736
600735
600734
600738
600737
600739
600741
600742
600740
600744
600745
600743
600747
600748
600746
600749
600750
600753
600751
600754
600755
600758
600757
600760
600759
600761
600764
600765
600763
600767
600766
600768
600771
600770
600769
600775
600774
600773
600776
600777
600779
600778
600780
600783
600781
600782
600785
600784
600787
600789
600790
600792
600793
600791
600797
600796
600794
600795
600798
600800
600802
600801
600803
600806
600805
600804
600808
600807
600809
600811
600812
600810
600816
600815
600814
600818
600817
600819
600821
600820
600822
600825
600823
600824
600827
600826
600828
600829
600830
600832
600833
600831
600834
600836
600835
600839
600837
600838
600843
600841
600844
600846
600845
600847
600851
600848
600850
600854
600853
600855
600856
600857
600859
600860
600858
600862
600861
600863
600866
600864
600865
600867
600868
600870
600869
600871
600873
600874
600872
600877
600875
600876
600881
600879
600880
600883
600882
600884
600885
600886
600889
600887
600888
600891
600890
600892
600893
600895
600894
600900
600896
600898
600897
600960
600961
600963
600965
600962
600966
600967
600971
600970
600969
600976
600975
600973
600979
600980
600978
600982
600981
600985
600984
600983
600987
600986
600988
600992
600990
600993
600997
600995
601000
600998
600999
601001
601002
601005
601003
601008
601006
601007
601010
601009
601011
601018
601028
601012
601058
601038
601088
601100
601099
601098
601107
601106
601101
601113
601116
601111
601118
601117
601126
601139
601137
601158
601169
601166
601168
601179
601177
601186
601188
601199
601208
601216
601222
601218
601231
601225
601233
601268
601258
601238
601299
601288
601311
601313
601318
601336
601333
601328
601377
601339
601369
601398
601390
601388
601518
601515
601519
601558
601566
601555
601567
601588
601600
601599
601601
601616
601607
601608
601633
601618
601628
601666
601636
601668
601678
601677
601669
601699
601688
601700
601717
601718
601777
601766
601727
601798
601789
601788
601800
601799
601801
601857
601808
601818
601866
601877
601872
601880
601886
601890
601898
601888
601899
601901
601918
601908
601928
601919
601929
601933
601939
601965
601958
601988
601992
601991
601989
601999
601998
601996
603001
603002
603000
603008
603005
603003
603128
603123
603077
603308
603288
603167
603366
603399
603333
603555
603699
603766
603993
